[_BEG_]	0.927298	0	0
 So	0.539571	24	64
 with	0.436036	66	195
 Ben	0.29926	195	287
uch	0.43184	314	389
 we	0.513865	415	454
 used	0.779082	454	584
 one	0.792908	584	681
 of	0.901839	681	746
 the	0.811518	746	848
 facilities	0.671774	994	1055
,	0.590727	1060	1062
 functional	0.51942	1073	1118
ities	0.996175	1130	1145
 that	0.6537	1147	1160
 we	0.8867	1160	1184
 implemented	0.613065	1184	1278
 with	0.740926	1290	1312
 the	0.754419	1312	1536
[_TT_768]	0.0258455	1536	1536
 C	0.896336	1536	1552
++	0.973619	1552	1584
 version	0.721172	1584	1698
 of	0.891827	1700	1730
 Whis	0.705451	1730	1794
per	0.99236	1795	1842
.	0.362396	1889	1896
[_TT_948]	0.0538086	1896	1896
 And	0.871766	1896	1921
 what	0.8825	1921	1947
 you	0.89444	1960	1975
 can	0.872891	1981	2005
 see	0.815168	2005	2021
 here	0.815053	2045	2064
 is	0.8873	2064	2076
 the	0.809683	2083	2106
 first	0.687671	2106	2133
 prediction	0.803513	2169	2230
.	0.598468	2235	2266
[_TT_1133]	0.356598	2266	2266
[_BEG_]	0.999992	2266	2266
 So	0.856596	2266	2290
 this	0.878406	2295	2347
 is	0.898112	2347	2374
 what	0.875362	2374	2428
 you	0.866835	2428	2430
're	0.694431	2490	2510
 used	0.817504	2510	2543
 to	0.906162	2567	2591
 where	0.456242	2591	2659
 we	0.89582	2659	2686
 see	0.808581	2686	2727
 for	0.843058	2727	2768
 each	0.867394	2768	2815
 word	0.639606	2830	2876
 the	0.622251	2876	2916
 prediction	0.852118	2917	3052
 in	0.848126	3054	3080
 Persian	0.936618	3080	3133
.	0.528593	3191	3204
[_TT_469]	0.343542	3204	3204
 And	0.892361	3204	3230
 you	0.897808	3242	3258
 can	0.896829	3258	3279
 see	0.810511	3284	3311
 that	0.720625	3324	3343
 it	0.873594	3354	3361
's	0.977275	3370	3385
 a	0.869603	3385	3394
 character	0.702705	3394	3477
-	0.353853	3477	3486
based	0.753981	3486	3532
 model	0.694527	3532	3558
 so	0.572598	3580	3595
 that	0.857547	3605	3630
 for	0.886286	3637	3660
 each	0.864864	3660	3697
 kind	0.596334	3697	3715
 of	0.907473	3731	3745
 phon	0.756654	3760	3789
em	0.597933	3802	3807
es	0.987818	3807	3824
 or	0.839946	3825	3854
[_TT_794]	0.235353	3854	3854
 so	0.901662	3854	3883
 we	0.829491	3883	3891
 get	0.897424	3939	3956
 the	0.8034	3956	3985
 character	0.685284	4004	4124
 by	0.742052	4137	4156
 character	0.712418	4162	4295
 predictions	0.689604	4295	4422
.	0.845529	4476	4506
[_TT_1120]	0.223418	4506	4506
[_BEG_]	0.999996	4506	4506
 And	0.45091	4506	4537
 the	0.76078	4537	4567
 whole	0.797724	4568	4619
 dec	0.922184	4619	4650
oder	0.941221	4650	4691
 will	0.811049	4691	4732
 play	0.868143	4732	4761
 its	0.729699	4776	4804
 role	0.828789	4804	4845
 and	0.887111	4845	4876
 allow	0.857479	4876	4927
 for	0.878758	4927	4934
 the	0.810545	4940	4979
 proper	0.834308	5018	5050
 transcription	0.853247	5050	5184
 to	0.907456	5184	5204
 be	0.899961	5204	5224
 written	0.829545	5224	5265
.	0.979484	5310	5334
[_TT_414]	0.243293	5334	5334
 So	0.887151	5334	5353
 the	0.808587	5353	5379
 functionality	0.92447	5381	5497
 consists	0.739447	5524	5587
 in	0.864804	5587	5604
 asking	0.785784	5606	5658
 not	0.868027	5669	5694
 only	0.851721	5713	5731
 the	0.808035	5749	5761
 first	0.820506	5762	5811
 prediction	0.845958	5811	5909
 but	0.653838	5909	5938
 the	0.800265	5938	5942
 nine	0.734296	5985	6006
 other	0.771855	6006	6062
[_TT_778]	0.168906	6062	6062
 alternate	0.887184	6062	6119
 candidates	0.828729	6120	6185
.	0.574155	6185	6206
[_TT_850]	0.187218	6206	6206
 So	0.846406	6206	6225
 we	0.904328	6225	6243
 have	0.880379	6243	6283
 in	0.876368	6283	6302
 this	0.879633	6302	6341
 table	0.813171	6341	6390
 the	0.743534	6390	6408
 ten	0.501617	6415	6448
 predictions	0.710746	6485	6525
 and	0.875399	6555	6581
 their	0.900174	6585	6626
 corresponding	0.777879	6670	6760
 probabilities	0.818184	6760	6853
.	0.98621	6912	6921
[_TT_1208]	0.651131	6922	6922
[_BEG_]	0.999996	6922	6922
 So	0.893823	6923	6947
 what	0.883609	6951	6998
 it	0.893823	6998	7023
 allows	0.776905	7023	7100
 us	0.895543	7100	7121
 to	0.906763	7131	7150
 see	0.816481	7150	7187
 is	0.905747	7187	7192
 basically	0.878295	7224	7328
 the	0.812687	7328	7365
 equivalent	0.751977	7374	7430
 for	0.862412	7508	7532
 a	0.993585	7532	7544
 fraction	0.750381	7544	7647
 of	0.820009	7647	7672
 the	0.818914	7672	7710
 speech	0.863907	7710	7787
 signal	0.711522	7787	7819
[_TT_477]	0.120307	7876	7876
 of	0.903776	7884	7894
 the	0.818537	7894	7914
 dictionary	0.797475	7931	8009
 of	0.899336	8013	8030
 sub	0.43222	8030	8047
-	0.457052	8061	8066
t	0.944173	8066	8074
ok	0.920381	8083	8093
ens	0.996516	8093	8119
.	0.877127	8119	8148
[_TT_614]	0.38189	8150	8150
 So	0.891875	8152	8162
 it	0.861732	8162	8172
's	0.989108	8176	8183
 a	0.736213	8192	8192
 form	0.574635	8193	8217
 of	0.894481	8217	8229
 the	0.771304	8229	8242
 phon	0.910028	8255	8272
ology	0.86755	8272	8303
 of	0.902302	8303	8314
 Whis	0.770652	8316	8338
per	0.990586	8350	8358
.	0.538105	8358	8382
[_TT_730]	0.505127	8382	8382
 We	0.896517	8382	8400
 can	0.890158	8400	8426
 explore	0.598102	8440	8476
 for	0.808328	8483	8510
 a	0.997409	8527	8527
 given	0.784493	8531	8571
 time	0.790714	8575	8608
 slice	0.764864	8608	8629
 the	0.670997	8655	8680
 corresponding	0.832855	8680	8799
 candidates	0.803155	8799	8890
,	0.838354	8890	8901
 the	0.802131	8924	8935
 corresponding	0.787155	8935	9062
[_TT_1070]	0.106143	9062	9062
 sub	0.585429	9062	9114
-	0.924154	9115	9132
t	0.930719	9132	9144
ok	0.918383	9159	9178
ens	0.995091	9237	9237
.	0.670084	9245	9294
[_TT_1186]	0.501613	9294	9294
[_BEG_]	0.999908	9294	9294
 And	0.899752	9294	9312
 we	0.897089	9324	9342
 can	0.894679	9342	9357
 see	0.821092	9381	9396
 that	0.87786	9402	9439
 for	0.823771	9439	9460
 "	0.370771	9469	9476
m	0.59798	9477	9486
",	0.259141	9486	9515
 we	0.888994	9515	9534
 may	0.862468	9534	9563
 have	0.880634	9563	9601
 "	0.956683	9602	9611
m	0.928497	9611	9620
"	0.936652	9620	9629
 and	0.868785	9629	9658
 different	0.648015	9658	9746
 combination	0.58457	9746	9853
 of	0.891033	9853	9872
 vowels	0.86685	9872	9939
.	0.47774	9950	9957
[_TT_332]	0.0995774	9958	9958
 And	0.883767	9958	9975
 then	0.648608	9984	10011
 sometimes	0.88278	10018	10091
 it	0.49146	10092	10108
 gets	0.784738	10108	10137
 it	0.8759	10143	10157
 wrong	0.82858	10157	10199
 and	0.847233	10199	10221
 we	0.874558	10231	10238
 get	0.8965	10243	10258
 "	0.97561	10273	10273
b	0.959691	10273	10281
".	0.768613	10314	10322
[_TT_514]	0.503817	10322	10322
 And	0.902612	10322	10344
 then	0.722993	10344	10374
 very	0.68598	10374	10401
 quickly	0.876147	10405	10447
 in	0.780499	10460	10461
 the	0.735331	10474	10494
 other	0.212128	10495	10531
 predictions	0.753423	10531	10613
 you	0.686844	10613	10635
 can	0.89498	10636	10658
 see	0.815488	10658	10675
 that	0.872099	10688	10710
 we	0.897551	10710	10719
 get	0.888493	10743	10747
 alternate	0.896557	10747	10814
 candidates	0.832434	10815	10847
.	0.966037	10918	10918
[_TT_812]	0.473162	10918	10918
 So	0.899707	10918	10938
 here	0.810331	10938	10977
 is	0.789103	10983	10998
 another	0.835573	10998	11068
 example	0.927477	11068	11138
 with	0.801949	11138	11160
 "	0.985716	11174	11188
m	0.928091	11188	11198
".	0.905837	11238	11242
[_TT_974]	0.294979	11242	11242
 You	0.893434	11242	11263
 can	0.895799	11263	11271
 see	0.816463	11284	11305
 that	0.879415	11305	11333
 we	0.898421	11333	11347
 get	0.894178	11347	11367
 the	0.81346	11368	11388
 Latin	0.801952	11397	11424
 conversion	0.714833	11424	11495
 that	0.85832	11495	11523
 corresponds	0.723328	11523	11596
 to	0.901452	11612	11614
 the	0.813205	11615	11636
 "	0.700163	11636	11642
m	0.965003	11642	11650
".	0.894642	11650	11685
[_TT_1196]	0.406889	11686	11686
 So	0.495247	11689	11703
 it	0.897681	11703	11720
's	0.997208	11720	11737
 a	0.980995	11737	11745
 way	0.887791	11745	11769
 to	0.905598	11769	11787
 investigate	0.779831	11787	11881
 the	0.808883	11881	11896
 potential	0.84239	11913	11983
 alternate	0.873396	11983	12023
 candidates	0.722374	12070	12145
.	0.989647	12145	12173
[_TT_1440]	0.407896	12174	12174
[_BEG_]	0.999994	12174	12174
 So	0.842544	12174	12198
 I	0.90635	12198	12200
've	0.807433	12208	12240
 uploaded	0.63722	12330	12346
 the	0.811863	12346	12383
 current	0.734196	12383	12469
 version	0.723053	12469	12551
 of	0.902422	12555	12579
 the	0.792207	12579	12616
 paper	0.816055	12616	12678
 in	0.893673	12678	12702
 our	0.769079	12702	12726
 joint	0.735522	12742	12799
 directory	0.748621	12817	12912
 submission	0.820048	12912	13004
 and	0.468798	13050	13091
[_TT_460]	0.259956	13094	13094
 I	0.9772	13102	13102
'll	0.75798	13103	13127
 add	0.823309	13127	13152
 a	0.981684	13152	13160
 sub	0.812046	13160	13185
-	0.46252	13185	13193
section	0.777824	13193	13252
 where	0.900985	13252	13294
 we	0.903735	13294	13298
 report	0.813394	13312	13354
 this	0.867659	13363	13394
 experiment	0.858081	13394	13432
.	0.783712	13482	13510
[_TT_668]	0.489147	13510	13510
 What	0.81659	13510	13561
 are	0.89354	13561	13599
 the	0.810127	13599	13620
 competing	0.483477	13637	13751
 sub	0.647655	13751	13788
-	0.957974	13801	13801
t	0.927775	13809	13813
ok	0.927182	13813	13838
ens	0.995004	13838	13876
 for	0.884651	13876	13909
 a	0.988534	13923	13923
 given	0.81968	13927	13989
 representation	0.783318	13989	14166
 of	0.899189	14167	14192
 the	0.791956	14192	14230
 signal	0.79358	14230	14272
 for	0.644847	14272	14324
 a	0.984252	14338	14356
 given	0.772932	14385	14406
 time	0.816016	14418	14482
[_TT_1154]	0.0834548	14482	14482
[_BEG_]	0.99999	14482	14482
 slice	0.776565	14488	14523
 of	0.896145	14545	14564
 the	0.789645	14564	14598
 signal	0.785303	14599	14625
 and	0.820343	14675	14705
 the	0.806678	14705	14735
 competing	0.715968	14750	14846
 languages	0.883	14846	14951
 or	0.771138	14955	14975
 the	0.804056	14975	15001
 competing	0.72648	15014	15116
 sub	0.696405	15116	15150
-	0.958537	15151	15162
t	0.93731	15162	15173
ok	0.918334	15173	15196
ens	0.993165	15196	15231
 for	0.891579	15231	15266
 a	0.989349	15266	15276
 given	0.811467	15276	15334
 portion	0.767242	15337	15430
[_TT_474]	0.238821	15430	15430
 of	0.894649	15430	15464
 the	0.799063	15464	15494
 signal	0.784041	15620	15620
?	0.587612	15623	15660
[_TT_596]	0.0763361	15674	15674
[_BEG_]	1	15674	15674
 Bye	0.175376	15674	15705
-	0.404854	15776	15822
bye	0.999169	15822	15931
.	0.999733	15994	16045
[_TT_186]	0.146295	16046	16046
